恋愛,ファッション,ダイエット,ガールズ,コーディネート,メイク,美容,ヘアスタイル,恋愛テクニック,ヘアアレンジ,恋愛心理,コスメ,スキンケア,デート,ネイル,結婚式・ウェディング,ヘアカラー,浮気・不倫,アイメイク,ネイルアート,バストアップ,ヘアケア,ストリートスナップ,前髪,アクセサリー,足やせ,スニーカー,婚活,眉毛,黒髪,ショートカット,靴,結婚式（ゲスト向け）,告白,美容法,ボディケア,ワンピース（服）,パーティドレス,バレンタインデー,リュック,ミディアムヘア,香水・フレグランス,アンチエイジング,毛穴,スカート,結婚の準備,腕時計,ロングヘア,ボブ,小顔,失恋,結婚生活,ヘアアクセサリー,カラコン,ジェルネイル,バッグ,ファンデーション,ブランド,ジーンズ,着物・浴衣,つけまつげ,ピアス,唇,美容整形,メガネ,脱毛,韓国コスメ,復縁,プロポーズ,美白,財布,ブラジャー（女性向け）,ウェディングドレス,Tシャツ,ブーツ,パーマ,ベリーショート,ニット,遠距離恋愛,ペディキュア,同棲,美容室・ヘアサロン,マスカラ,日焼け止め,カバン,洗顔,離婚,まつげ,帽子,クレンジング,リング,痛ネイル,しわ・たるみ,パンプス,ルームウェア,カーディガン,オーガニックコスメ,レインブーツ,ダメ男,アロマ
